Channel Estimation Simulation Results (Interpolation)
==============================================


MSE Threshold = 0.01
SNR (dB) | Pilot Ratio |    BER     | Avg MSE
--------------------------------------------------
     0.0 |     0.8533 |     0.1153 |   0.0757
     2.0 |     0.8521 |     0.0737 |   0.0660
     4.0 |     0.8603 |     0.0425 |   0.0609
     6.0 |     0.8535 |     0.0281 |   0.0574
     8.0 |     0.8568 |     0.0233 |   0.0543
    10.0 |     0.8551 |     0.0213 |   0.0521
    12.0 |     0.8545 |     0.0208 |   0.0509
    14.0 |     0.8563 |     0.0200 |   0.0500
    16.0 |     0.8575 |     0.0187 |   0.0492
    18.0 |     0.8593 |     0.0195 |   0.0485
    20.0 |     0.8562 |     0.0194 |   0.0485

==================================================

MSE Threshold = 0.05
SNR (dB) | Pilot Ratio |    BER     | Avg MSE
--------------------------------------------------
     0.0 |     0.5566 |     0.1562 |   0.0904
     2.0 |     0.5491 |     0.1129 |   0.0833
     4.0 |     0.5599 |     0.0797 |   0.0804
     6.0 |     0.5626 |     0.0621 |   0.0780
     8.0 |     0.5648 |     0.0527 |   0.0759
    10.0 |     0.5678 |     0.0488 |   0.0744
    12.0 |     0.5657 |     0.0471 |   0.0728
    14.0 |     0.5656 |     0.0436 |   0.0720
    16.0 |     0.5690 |     0.0436 |   0.0717
    18.0 |     0.5702 |     0.0430 |   0.0714
    20.0 |     0.5695 |     0.0424 |   0.0713

==================================================

MSE Threshold = 0.1
SNR (dB) | Pilot Ratio |    BER     | Avg MSE
--------------------------------------------------
     0.0 |     0.3900 |     0.1939 |   0.1115
     2.0 |     0.3898 |     0.1519 |   0.1064
     4.0 |     0.3957 |     0.1141 |   0.1066
     6.0 |     0.4067 |     0.0871 |   0.1057
     8.0 |     0.4065 |     0.0803 |   0.1042
    10.0 |     0.4055 |     0.0724 |   0.1051
    12.0 |     0.4077 |     0.0669 |   0.1038
    14.0 |     0.4070 |     0.0627 |   0.1035
    16.0 |     0.4086 |     0.0619 |   0.1031
    18.0 |     0.4084 |     0.0649 |   0.1026
    20.0 |     0.4079 |     0.0626 |   0.1025

==================================================

MSE Threshold = 0.2
SNR (dB) | Pilot Ratio |    BER     | Avg MSE
--------------------------------------------------
     0.0 |     0.2435 |     0.2636 |   0.1439
     2.0 |     0.2469 |     0.2243 |   0.1455
     4.0 |     0.2611 |     0.1828 |   0.1479
     6.0 |     0.2668 |     0.1553 |   0.1502
     8.0 |     0.2733 |     0.1339 |   0.1521
    10.0 |     0.2753 |     0.1233 |   0.1511
    12.0 |     0.2776 |     0.1188 |   0.1509
    14.0 |     0.2785 |     0.1208 |   0.1512
    16.0 |     0.2796 |     0.1133 |   0.1515
    18.0 |     0.2778 |     0.1146 |   0.1513
    20.0 |     0.2781 |     0.1155 |   0.1515

==================================================

MSE Threshold = 0.5
SNR (dB) | Pilot Ratio |    BER     | Avg MSE
--------------------------------------------------
     0.0 |     0.0991 |     0.3840 |   0.2222
     2.0 |     0.1121 |     0.3437 |   0.2314
     4.0 |     0.1199 |     0.3219 |   0.2390
     6.0 |     0.1330 |     0.2806 |   0.2565
     8.0 |     0.1406 |     0.2551 |   0.2540
    10.0 |     0.1484 |     0.2403 |   0.2593
    12.0 |     0.1513 |     0.2265 |   0.2596
    14.0 |     0.1533 |     0.2209 |   0.2587
    16.0 |     0.1568 |     0.2156 |   0.2613
    18.0 |     0.1556 |     0.2169 |   0.2620
    20.0 |     0.1558 |     0.2128 |   0.2624

==================================================
