Channel Estimation Simulation Results
===================================


MSE Threshold = 0.01
SNR (dB) | Pilot Ratio |    BER     | Avg MSE
--------------------------------------------------
     0.0 |     0.4876 |     0.1079 |   0.3983
     5.0 |     0.4622 |     0.0444 |   0.1241
    10.0 |     0.3871 |     0.0146 |   0.0385
    15.0 |     0.2205 |     0.0044 |   0.0122
    20.0 |     0.0508 |     0.0015 |   0.0044
    25.0 |     0.0015 |     0.0004 |   0.0017
    30.0 |     0.0000 |     0.0001 |   0.0009
    35.0 |     0.0000 |     0.0000 |   0.0006

==================================================

MSE Threshold = 0.05
SNR (dB) | Pilot Ratio |    BER     | Avg MSE
--------------------------------------------------
     0.0 |     0.4380 |     0.1062 |   0.3895
     5.0 |     0.3281 |     0.0448 |   0.1178
    10.0 |     0.1285 |     0.0147 |   0.0369
    15.0 |     0.0101 |     0.0047 |   0.0130
    20.0 |     0.0000 |     0.0010 |   0.0045
    25.0 |     0.0000 |     0.0004 |   0.0017
    30.0 |     0.0000 |     0.0001 |   0.0009
    35.0 |     0.0000 |     0.0001 |   0.0006

==================================================

MSE Threshold = 0.1
SNR (dB) | Pilot Ratio |    BER     | Avg MSE
--------------------------------------------------
     0.0 |     0.3814 |     0.1079 |   0.3760
     5.0 |     0.2091 |     0.0449 |   0.1156
    10.0 |     0.0373 |     0.0141 |   0.0387
    15.0 |     0.0003 |     0.0047 |   0.0130
    20.0 |     0.0000 |     0.0013 |   0.0044
    25.0 |     0.0000 |     0.0003 |   0.0017
    30.0 |     0.0000 |     0.0001 |   0.0009
    35.0 |     0.0000 |     0.0000 |   0.0006

==================================================

MSE Threshold = 0.2
SNR (dB) | Pilot Ratio |    BER     | Avg MSE
--------------------------------------------------
     0.0 |     0.2861 |     0.1083 |   0.3618
     5.0 |     0.0888 |     0.0440 |   0.1169
    10.0 |     0.0034 |     0.0151 |   0.0400
    15.0 |     0.0000 |     0.0045 |   0.0129
    20.0 |     0.0000 |     0.0013 |   0.0045
    25.0 |     0.0000 |     0.0006 |   0.0018
    30.0 |     0.0000 |     0.0001 |   0.0009
    35.0 |     0.0000 |     0.0001 |   0.0006

==================================================

MSE Threshold = 0.5
SNR (dB) | Pilot Ratio |    BER     | Avg MSE
--------------------------------------------------
     0.0 |     0.1253 |     0.1090 |   0.3612
     5.0 |     0.0096 |     0.0455 |   0.1263
    10.0 |     0.0000 |     0.0148 |   0.0405
    15.0 |     0.0000 |     0.0048 |   0.0132
    20.0 |     0.0000 |     0.0015 |   0.0045
    25.0 |     0.0000 |     0.0004 |   0.0018
    30.0 |     0.0000 |     0.0001 |   0.0009
    35.0 |     0.0000 |     0.0000 |   0.0006

==================================================
